0 0.260556 0.504379 0.161473 0.210674
0 0.477572 0.486409 0.074438 0.107816
2 0.625044 0.475876 0.102528 0.166061
1 0.703344 0.463483 0.011938 0.064442
5 0.701238 0.485790 0.025983 0.066920
1 0.766547 0.474636 0.018961 0.079313
5 0.764791 0.500661 0.039326 0.086748
1 0.817811 0.500041 0.038624 0.130122
5 0.814300 0.533501 0.052669 0.115251
1 0.888387 0.495084 0.037921 0.117730
5 0.892600 0.538458 0.067416 0.137558
1 0.978955 0.545894 0.042091 0.241656
5 0.970528 0.579974 0.058945 0.148711
0 0.533401 0.450471 0.033006 0.045853
2 0.729328 0.447373 0.038624 0.034699
0 0.349061 0.450471 0.025281 0.030981
2 0.082909 0.455428 0.032303 0.048331
0 0.088856 0.547753 0.177712 0.275116
0 0.372586 0.452949 0.018961 0.023546
0 0.393302 0.454808 0.018258 0.022307
0 0.432277 0.452330 0.017556 0.029742