0 0.223007 0.459765 0.070927 0.099141
5 0.180170 0.477735 0.013343 0.030981
5 0.278836 0.469679 0.014045 0.032221
0 0.306224 0.464103 0.035112 0.040896
0 0.354679 0.465962 0.029494 0.037178
0 0.419988 0.461624 0.022472 0.030981
0 0.396814 0.461624 0.018258 0.028503
0 0.378555 0.462864 0.015449 0.028503
5 0.588527 0.478974 0.084270 0.140036
0 0.460367 0.475876 0.058287 0.076834
0 0.502502 0.463483 0.025983 0.034699
1 0.639089 0.456667 0.011236 0.043374
5 0.637684 0.475876 0.018258 0.049570
1 0.691757 0.470299 0.015449 0.073116
5 0.691757 0.493225 0.029494 0.069399
1 0.782347 0.491986 0.023876 0.091705
5 0.783752 0.516771 0.046348 0.089227
1 0.899623 0.506857 0.046348 0.146233
5 0.904538 0.555188 0.084270 0.141276
0 0.824131 0.465342 0.051264 0.038417