2 0.115915 0.451091 0.047753 0.047092
0 0.257417 0.515532 0.165028 0.171018
0 0.352221 0.476495 0.086376 0.110294
0 0.587825 0.475256 0.071629 0.105337
0 0.467038 0.548992 0.179775 0.242895
2 0.689651 0.501281 0.165730 0.241656
0 0.043912 0.582452 0.087825 0.180932
1 0.777080 0.482692 0.017556 0.107816
1 0.837474 0.509955 0.034410 0.157386
1 0.881364 0.514293 0.035112 0.163582
1 0.922797 0.520489 0.037921 0.166061
5 0.786210 0.527305 0.027388 0.080552
5 0.830451 0.532262 0.051264 0.117730
5 0.925957 0.560765 0.052669 0.120208