1 0.142249 0.494465 0.025983 0.183410
5 0.565704 0.516771 0.082163 0.089227
1 0.563597 0.470299 0.030197 0.112773
1 0.483190 0.461624 0.014045 0.070638
5 0.485648 0.483311 0.041433 0.059484
1 0.358190 0.461005 0.015449 0.057006
5 0.360648 0.488268 0.035815 0.066920
5 0.643653 0.496943 0.051264 0.061963
1 0.643653 0.468440 0.016152 0.081791
1 0.838176 0.488888 0.033006 0.107816
5 0.838527 0.527305 0.080056 0.102859
1 0.773569 0.472158 0.016152 0.074356
5 0.773218 0.497563 0.053371 0.078073
5 0.951238 0.525446 0.041433 0.064442
1 0.951238 0.491366 0.018961 0.087987