1 0.279187 0.469679 0.023174 0.086748
5 0.287263 0.496943 0.061798 0.079313
1 0.194566 0.478354 0.015449 0.096662
5 0.196673 0.506857 0.049157 0.084270
1 0.546392 0.467821 0.023876 0.097902
5 0.536561 0.490127 0.089888 0.100380
5 0.444566 0.485790 0.066011 0.059484
1 0.609594 0.467201 0.019663 0.074356
5 0.615564 0.492606 0.061096 0.060724
1 0.658752 0.471538 0.025281 0.058245
5 0.671392 0.493225 0.061798 0.054527
0 0.934033 0.475256 0.036517 0.028503
0 0.823078 0.472158 0.039326 0.032221
1 0.064300 0.495084 0.016152 0.147472