0 0.547446 0.460385 0.044242 0.060724
0 0.477572 0.492606 0.084270 0.130122
2 0.634173 0.481452 0.112360 0.177214
1 0.735648 0.489508 0.023174 0.114012
5 0.734221 0.508096 0.045602 0.089227
1 0.771462 0.472158 0.020365 0.079313
5 0.774623 0.508716 0.035112 0.075595
1 0.842038 0.514293 0.036517 0.168539
5 0.848007 0.537839 0.059691 0.121447
1 0.888035 0.488888 0.021770 0.122687
1 0.942460 0.531642 0.040730 0.203239
5 0.947726 0.573158 0.089185 0.162343
0 0.325887 0.485790 0.108146 0.133840
0 0.176286 0.537839 0.234507 0.237938