1 0.100114 0.493225 0.034410 0.151190
1 0.399974 0.470919 0.017556 0.096662
5 0.399974 0.504379 0.042837 0.079313
1 0.450184 0.488888 0.032303 0.115251
5 0.459314 0.521728 0.077247 0.094184
1 0.521462 0.464722 0.025983 0.114012
5 0.533050 0.495084 0.067416 0.085509
1 0.657698 0.470299 0.020365 0.080552
5 0.665072 0.493845 0.054775 0.063202
1 0.759173 0.478354 0.026685 0.099141
5 0.757066 0.498182 0.064607 0.086748
5 0.810788 0.501281 0.052669 0.063202
1 0.809033 0.482072 0.015449 0.074356
0 0.318864 0.458526 0.074438 0.052049
0 0.931224 0.477735 0.039326 0.035939