6 0.696673 0.497563 0.022472 0.058245
1 0.695620 0.466581 0.014747 0.060724
0 0.805170 0.496943 0.065309 0.096662
3 0.875044 0.446134 0.044944 0.066920
0 0.833260 0.467821 0.025983 0.033460
0 0.753906 0.463483 0.021770 0.017350
0 0.488457 0.461005 0.035815 0.054527
0 0.417530 0.459765 0.033006 0.044613
0 0.083238 0.559526 0.166476 0.261484
0 0.181575 0.469060 0.055478 0.053288
0 0.230030 0.464722 0.042837 0.039656
0 0.289370 0.461624 0.021067 0.028503
0 0.316757 0.459146 0.032303 0.030981
0 0.386280 0.454189 0.018258 0.021067
0 0.364861 0.454189 0.016152 0.018589