0 0.468443 0.542796 0.176966 0.242895
2 0.693864 0.496324 0.155899 0.234220
0 0.256013 0.511195 0.160815 0.164822
0 0.357839 0.477735 0.077949 0.117730
2 0.119075 0.450471 0.044242 0.045853
0 0.040752 0.579974 0.081505 0.188367
1 0.780592 0.470299 0.017556 0.083030
5 0.783050 0.531642 0.032303 0.081791
1 0.836771 0.501281 0.037219 0.149950
1 0.881715 0.506857 0.033006 0.163582
1 0.922446 0.526066 0.034410 0.182171
5 0.832558 0.529784 0.049860 0.120208
5 0.929468 0.552710 0.051264 0.118969
5 0.876800 0.540937 0.048455 0.117730
0 0.589207 0.474636 0.071673 0.101619