0 0.542881 0.466581 0.040730 0.060724
0 0.644356 0.456667 0.056882 0.033460
0 0.692460 0.458526 0.068820 0.039656
1 0.813597 0.456667 0.013343 0.040896
5 0.815353 0.474636 0.023876 0.019828
1 0.897867 0.457906 0.011938 0.043374
5 0.897867 0.478974 0.016152 0.018589
1 0.928766 0.461005 0.007725 0.057006
1 0.910507 0.461624 0.009129 0.040896
0 0.476519 0.520489 0.135534 0.190846
1 0.582207 0.451091 0.007022 0.034699
1 0.569917 0.443655 0.006320 0.024785
5 0.569215 0.462864 0.007725 0.016110
5 0.584270 0.470299 0.008427 0.011153