0 0.234243 0.475256 0.079354 0.102859
0 0.276729 0.455428 0.026685 0.065681
2 0.355381 0.451710 0.033708 0.053288
1 0.855732 0.491986 0.024579 0.128883
1 0.876097 0.493225 0.041433 0.109055
5 0.855008 0.534741 0.069566 0.117730
0 0.909454 0.478354 0.035112 0.029742
2 0.786912 0.476495 0.040028 0.030981
0 0.491266 0.456667 0.041433 0.055767
3 0.429819 0.456667 0.023876 0.038417
0 0.384524 0.458526 0.021770 0.029742
0 0.075535 0.458526 0.025983 0.034699
0 0.041476 0.460385 0.023876 0.026024
0 0.095550 0.455428 0.023876 0.026024