0 0.424903 0.454808 0.073034 0.052049
1 0.324833 0.495084 0.042837 0.219349
1 0.511280 0.470299 0.016854 0.087987
5 0.513035 0.489508 0.061096 0.084270
1 0.881013 0.480213 0.014747 0.058245
5 0.879257 0.500041 0.049157 0.058245
5 0.953696 0.510575 0.029494 0.059484
1 0.954376 0.485790 0.014089 0.066920
0 0.722305 0.461624 0.061096 0.058245
0 0.668934 0.464103 0.038624 0.028503
0 0.565002 0.460385 0.038624 0.028503
0 0.802010 0.465962 0.047753 0.037178
0 0.258471 0.454808 0.036517 0.029742
0 0.203696 0.457287 0.028090 0.022307
0 0.177712 0.456048 0.026685 0.019828
0 0.930873 0.475256 0.033006 0.033460