0 0.309011 0.454808 0.043583 0.057006
0 0.117297 0.527305 0.234594 0.296183
0 0.349763 0.460385 0.025281 0.030981
0 0.375395 0.459146 0.023174 0.028503
0 0.426637 0.457906 0.021814 0.028503
0 0.394707 0.459146 0.018258 0.021067
0 0.467741 0.479594 0.060393 0.084270
0 0.515493 0.456667 0.032303 0.045853
2 0.611350 0.477735 0.091994 0.147472
1 0.693513 0.472158 0.018961 0.069399
5 0.692108 0.489508 0.027388 0.069399
1 0.762684 0.481452 0.023876 0.092944
5 0.766174 0.509336 0.049201 0.096662
1 0.897867 0.501900 0.042837 0.138797
5 0.900676 0.549612 0.069522 0.122687
5 0.971581 0.572538 0.056838 0.180932
2 0.746884 0.458526 0.035815 0.044613
2 0.832909 0.464722 0.042135 0.039656