2 0.117319 0.451091 0.049157 0.044613
0 0.043912 0.587409 0.087825 0.188367
0 0.256715 0.506238 0.166433 0.164822
0 0.355030 0.475256 0.080758 0.105337
0 0.466314 0.541557 0.181224 0.245373
0 0.590283 0.472778 0.069522 0.110294
2 0.691055 0.499422 0.161517 0.237938
1 0.921370 0.527305 0.032347 0.174736
1 0.880311 0.510575 0.033006 0.153668
1 0.836771 0.508716 0.038624 0.154907
1 0.779187 0.468440 0.025983 0.089227
5 0.787614 0.530403 0.030197 0.086748
5 0.834314 0.536599 0.049157 0.111533
5 0.928064 0.560145 0.055478 0.123926