0 0.646814 0.472778 0.054775 0.085509
0 0.599412 0.454189 0.024579 0.021067
0 0.980030 0.465342 0.021770 0.028503
1 0.994777 0.475256 0.007725 0.045853
1 0.916125 0.463483 0.011938 0.059484
6 0.857839 0.478354 0.021770 0.039656
6 0.937544 0.475876 0.014045 0.034699
6 0.872235 0.479594 0.021067 0.032221
1 0.256364 0.458526 0.022472 0.081791
6 0.894707 0.479594 0.023876 0.029742
1 0.283401 0.459765 0.018961 0.076834
5 0.740190 0.500661 0.025325 0.096662
1 0.742319 0.475256 0.022472 0.080552
1 0.715634 0.462244 0.014045 0.049570
5 0.712474 0.476495 0.030197 0.040896