1 0.779889 0.478354 0.020365 0.111533
5 0.783401 0.530403 0.031601 0.086748
1 0.836420 0.508716 0.033708 0.159865
5 0.837803 0.534121 0.061842 0.126404
1 0.921041 0.529164 0.041433 0.178453
5 0.924903 0.576256 0.053371 0.116490
1 0.879257 0.503139 0.029494 0.133840
2 0.116968 0.456048 0.045646 0.047092
0 0.041806 0.585550 0.083611 0.192085
0 0.256364 0.511195 0.165730 0.169779
0 0.354328 0.475256 0.079354 0.117730
0 0.467389 0.542176 0.173455 0.236699
0 0.588878 0.469679 0.076545 0.109055
2 0.686842 0.499422 0.164326 0.235459