0 0.091336 0.479594 0.092697 0.089227
0 0.271462 0.469679 0.048455 0.049570
0 0.208611 0.470299 0.054775 0.050810
0 0.524249 0.469060 0.051308 0.083030
1 0.747937 0.467201 0.012640 0.047092
5 0.745830 0.491366 0.022472 0.048331
0 0.317811 0.461005 0.033006 0.037178
4 0.379960 0.447992 0.026685 0.040896
0 0.369777 0.462244 0.023174 0.024785
0 0.173850 0.459765 0.025983 0.032221
1 0.688597 0.459146 0.006320 0.028503
5 0.688948 0.475256 0.014045 0.023546
1 0.669988 0.453569 0.008427 0.029742
1 0.624342 0.462864 0.009831 0.033460