1 0.377151 0.461624 0.022472 0.073116
1 0.431575 0.461005 0.021770 0.081791
5 0.376426 0.491366 0.057628 0.063202
5 0.478625 0.480833 0.037219 0.042135
5 0.435086 0.485790 0.049860 0.059484
1 0.094145 0.470299 0.014045 0.053288
5 0.092741 0.497563 0.032303 0.058245
1 0.198078 0.465342 0.015449 0.073116
5 0.195620 0.485170 0.048455 0.060724
0 0.575184 0.460385 0.051966 0.033460
5 0.257417 0.484551 0.035815 0.052049
5 0.140844 0.479594 0.025983 0.034699
1 0.037965 0.491366 0.022472 0.132601
0 0.722305 0.462864 0.040028 0.035939
0 0.932979 0.475256 0.037219 0.030981