0 0.472656 0.451710 0.023876 0.030981
1 0.614510 0.467821 0.018258 0.102859
5 0.609594 0.488268 0.050562 0.076834
1 0.686842 0.480833 0.030899 0.099141
5 0.689651 0.494465 0.023876 0.096662
0 0.556202 0.466581 0.089932 0.102859
5 0.952291 0.478354 0.029494 0.047092
5 0.916828 0.480833 0.025983 0.052049
5 0.898920 0.487029 0.029494 0.057006
5 0.885929 0.490747 0.035815 0.069399
1 0.935437 0.461005 0.014045 0.079313
0 0.401729 0.449232 0.019663 0.023546
1 0.157347 0.472158 0.018258 0.071877
5 0.153836 0.508716 0.037921 0.075595
1 0.242670 0.462244 0.016152 0.044613