1 0.021111 0.472158 0.009831 0.066920
1 0.062544 0.474017 0.008427 0.065681
5 0.063224 0.491986 0.026729 0.057006
1 0.123639 0.470919 0.014045 0.069399
5 0.122235 0.490127 0.030899 0.053288
0 0.189278 0.488888 0.107488 0.097902
0 0.320598 0.470919 0.061139 0.064442
0 0.377151 0.468440 0.037921 0.042135
0 0.425606 0.467821 0.033708 0.048331
0 0.485297 0.477735 0.044944 0.065681
3 0.565704 0.476495 0.066713 0.120208
1 0.629608 0.475876 0.011938 0.057006
5 0.627853 0.489508 0.023876 0.057006
1 0.696673 0.475256 0.022472 0.065681
5 0.696673 0.495084 0.039326 0.078073
1 0.821300 0.495084 0.031557 0.120208
5 0.820247 0.521109 0.059033 0.132601
1 0.976519 0.521109 0.038624 0.167300
5 0.966314 0.571918 0.067372 0.164822