1 0.100114 0.482692 0.017556 0.090466
1 0.253204 0.497563 0.031601 0.209435
1 0.325535 0.467201 0.017556 0.079313
5 0.325887 0.480833 0.049157 0.071877
1 0.698780 0.474636 0.015449 0.061963
5 0.698078 0.496943 0.054775 0.076834
1 0.813246 0.484551 0.015449 0.079313
5 0.815353 0.504998 0.043539 0.065681
1 0.910134 0.496324 0.016810 0.102859
5 0.909454 0.514912 0.061798 0.080552
0 0.645058 0.457287 0.062500 0.059484
0 0.566406 0.456048 0.041433 0.034699
0 0.735999 0.464722 0.039326 0.032221
0 0.853274 0.478354 0.051966 0.047092
0 0.932979 0.474017 0.038624 0.023546