1 0.633120 0.453569 0.007725 0.049570
1 0.614159 0.448612 0.009129 0.044613
1 0.601167 0.447373 0.008427 0.042135
1 0.588176 0.448612 0.007725 0.032221
1 0.929468 0.487029 0.014747 0.069399
5 0.925255 0.508096 0.031601 0.066920
6 0.888387 0.484551 0.028090 0.047092
6 0.831505 0.480833 0.030899 0.049570
0 0.071651 0.594845 0.143302 0.195803
0 0.197726 0.464722 0.068118 0.044613
0 0.288316 0.454189 0.045646 0.045853
0 0.483541 0.446753 0.025983 0.033460
0 0.527783 0.447992 0.027388 0.038417
0 0.551659 0.447373 0.023174 0.024785