1 0.063246 0.475876 0.012640 0.081791
5 0.064651 0.497563 0.032303 0.058245
1 0.122937 0.470299 0.009831 0.063202
5 0.122937 0.492606 0.029494 0.060724
0 0.201940 0.490747 0.107444 0.101619
0 0.313597 0.475256 0.051264 0.055767
0 0.363084 0.469679 0.037877 0.047092
0 0.419988 0.466581 0.028090 0.038417
0 0.394356 0.469679 0.021770 0.029742
0 0.465985 0.480833 0.049860 0.074356
2 0.556926 0.478974 0.075843 0.135079
0 0.507769 0.469060 0.021067 0.026024
1 0.608892 0.474017 0.009831 0.048331
5 0.606434 0.489508 0.016152 0.054527
1 0.664019 0.471538 0.018961 0.070638
5 0.662614 0.485790 0.028792 0.074356
1 0.748288 0.487029 0.024579 0.096662
5 0.744755 0.509955 0.047094 0.107816
1 0.876800 0.506238 0.031601 0.135079
5 0.882417 0.545274 0.069522 0.143754
0 0.974039 0.490747 0.051922 0.059484
2 0.916125 0.478974 0.051264 0.058245