4 0.131342 0.429404 0.095550 0.127644
0 0.284454 0.450471 0.040730 0.050810
0 0.353252 0.449232 0.028046 0.035939
0 0.513738 0.464722 0.059691 0.091705
0 0.316406 0.451710 0.021770 0.028503
1 0.970198 0.500661 0.017556 0.084270
1 0.715985 0.462864 0.010534 0.048331
5 0.714229 0.482692 0.018258 0.048331
1 0.656996 0.449232 0.007725 0.028503
5 0.658028 0.462244 0.009875 0.024785
1 0.642951 0.453569 0.009129 0.034699
1 0.632066 0.451710 0.007022 0.030981
0 0.400325 0.448612 0.018258 0.019828
4 0.397867 0.433741 0.020365 0.032221