0 0.151378 0.455428 0.028792 0.030981
0 0.124342 0.454189 0.025281 0.035939
0 0.065353 0.457906 0.026685 0.030981
0 0.088176 0.457906 0.023174 0.028503
4 0.523218 0.441796 0.067416 0.107816
0 0.741968 0.542176 0.232444 0.229263
0 0.616968 0.471538 0.041433 0.023546
2 0.456505 0.465962 0.067416 0.131362
0 0.316757 0.457287 0.030899 0.032221
0 0.365564 0.456667 0.040028 0.035939
0 0.392600 0.454808 0.018258 0.029742
0 0.973358 0.477735 0.042135 0.026024
5 0.943513 0.507477 0.034410 0.038417
2 0.912965 0.480833 0.014045 0.034699