5 0.078344 0.441796 0.021770 0.050810
1 0.127831 0.475256 0.028046 0.132601
5 0.129960 0.514912 0.068820 0.122687
4 0.562895 0.418870 0.115871 0.054527
4 0.479679 0.415772 0.053371 0.030981
0 0.477221 0.439937 0.041433 0.027264
0 0.326589 0.441796 0.044944 0.028503
0 0.405592 0.440557 0.042837 0.026024
0 0.375746 0.439937 0.033708 0.027264
0 0.538316 0.442416 0.038624 0.022307
0 0.605381 0.444894 0.042135 0.022307
0 0.575887 0.443035 0.022472 0.021067
0 0.633822 0.447992 0.016152 0.023546
4 0.656996 0.435600 0.051264 0.038417
4 0.720528 0.437459 0.064563 0.037178