0 0.060788 0.481452 0.061096 0.068159
0 0.116266 0.466581 0.021770 0.028503
0 0.191055 0.469060 0.026685 0.035939
0 0.224061 0.463483 0.050562 0.047092
0 0.318162 0.459765 0.029494 0.037178
0 0.371533 0.451091 0.019663 0.024785
0 0.424903 0.459765 0.029494 0.044613
6 0.791125 0.510575 0.033006 0.081791
1 0.791103 0.472158 0.023130 0.086748
0 0.752480 0.480833 0.051308 0.076834
0 0.970879 0.511195 0.058243 0.115251
3 0.924552 0.441176 0.047051 0.064442
0 0.929819 0.472778 0.023876 0.033460
0 0.849061 0.463483 0.033708 0.037178
0 0.888387 0.461005 0.021067 0.019828
0 0.830451 0.461624 0.030197 0.033460
0 0.487755 0.462244 0.030197 0.049570