1 0.820269 0.493845 0.030899 0.120208
1 0.931575 0.516152 0.047051 0.187128
1 0.711069 0.481452 0.023174 0.092944
1 0.647867 0.462864 0.013343 0.055767
5 0.647516 0.482072 0.028090 0.066920
5 0.710016 0.493225 0.036517 0.084270
5 0.825184 0.520489 0.061798 0.111533
5 0.938597 0.566342 0.100421 0.156147
1 0.062895 0.472158 0.013343 0.057006
1 0.121884 0.462864 0.010534 0.053288
5 0.059735 0.498802 0.029494 0.065681
5 0.124342 0.493225 0.025281 0.044613
5 0.160156 0.477115 0.016854 0.047092
0 0.211420 0.473397 0.073034 0.069399
0 0.316055 0.472158 0.047753 0.054527
0 0.459665 0.475256 0.049860 0.073116
2 0.570247 0.468440 0.082909 0.126404
0 0.419988 0.462864 0.023876 0.033460
0 0.355732 0.467201 0.027388 0.032221
0 0.384875 0.462244 0.026685 0.032221