1 0.479679 0.470299 0.023876 0.095423
1 0.239510 0.443035 0.014045 0.028503
1 0.182628 0.449232 0.014045 0.045853
1 0.223710 0.449232 0.013343 0.043374
1 0.033050 0.451091 0.018258 0.044613
5 0.032347 0.483311 0.025281 0.044613
5 0.181575 0.471538 0.013343 0.038417
5 0.240212 0.477735 0.009831 0.043374
5 0.289019 0.480833 0.021770 0.044613
0 0.656294 0.456667 0.062500 0.043374
1 0.766196 0.452330 0.012640 0.039656
6 0.765844 0.480213 0.013343 0.035939
1 0.854657 0.466581 0.014001 0.063202
1 0.836771 0.454189 0.011938 0.038417
0 0.188597 0.455428 0.062500 0.050810
3 0.103625 0.438698 0.062500 0.047092