0 0.202291 0.477735 0.061798 0.058245
0 0.292179 0.473397 0.047753 0.044613
1 0.777783 0.467821 0.016152 0.050810
5 0.775325 0.492606 0.022472 0.038417
0 0.530592 0.470919 0.045646 0.069399
4 0.336398 0.454189 0.044900 0.060724
4 0.418232 0.440557 0.034410 0.065681
0 0.113106 0.470919 0.028090 0.042135
0 0.020387 0.504998 0.040774 0.107816
0 0.062193 0.481452 0.018961 0.043374
0 0.380311 0.466581 0.027388 0.030981
0 0.168583 0.465342 0.030899 0.033460
1 0.636258 0.467821 0.007066 0.033460
1 0.675957 0.461624 0.007725 0.028503
1 0.729679 0.464722 0.005618 0.037178
5 0.730381 0.482072 0.015449 0.039656
1 0.700184 0.461005 0.008427 0.027264
6 0.701238 0.481452 0.011938 0.023546
6 0.675255 0.474017 0.009129 0.016110