2 0.117319 0.455428 0.044944 0.048331
0 0.053393 0.506238 0.106785 0.120208
0 0.043210 0.579354 0.086420 0.182171
0 0.253204 0.511814 0.167837 0.168539
0 0.358168 0.479594 0.080012 0.111533
0 0.468443 0.530403 0.146067 0.218110
0 0.578696 0.467201 0.064607 0.084270
2 0.682628 0.501281 0.153090 0.229263
1 0.922446 0.518011 0.028792 0.163582
4 0.940704 0.442416 0.044242 0.039656
1 0.880311 0.500041 0.035815 0.127644
5 0.837825 0.539698 0.058989 0.127644
5 0.780241 0.531642 0.043539 0.079313
5 0.919966 0.562004 0.057628 0.120208
1 0.838176 0.516152 0.035815 0.167300
1 0.775676 0.485790 0.016152 0.109055